Residue,Internal,van der Waals,Electrostatic,Polar Solvation,Non-Polar Solv.,TOTAL
ILE 276,19.628088888888897,-0.9112666666666664,-78.45160000000001,13.582699999999999,0.800042,-45.35203577777778
GLN 277,24.163477777777775,-2.790111111111112,-59.11797777777778,-11.46176666666666,0.7600788799999999,-48.446298897777766
ARG 278,22.8,-6.205855555555553,-227.08212222222227,32.11246666666667,0.54551336,-177.82999775111116
LYS 281,17.012222222222224,-2.904855555555556,-43.92332222222224,15.859011111111112,0.8934000799999999,-13.063544364444443
GLN 283,22.945611111111116,-5.236133333333333,-80.08847777777778,-3.591322222222224,0.16726679999999997,-65.80305542222223
TYR 285,16.59744444444445,-8.466833333333332,-33.31398888888888,-3.4566666666666657,0.008254400000000005,-28.631790044444447
ARG 287,19.393011111111107,-9.1457,-237.28713333333326,48.18677777777777,0.28208327999999994,-178.57096116444444
HIE 288,33.65453333333335,-3.7005999999999997,-14.290100000000004,-7.964888888888893,0.7154236,8.414368044444444
PRO 289,18.996655555555552,-2.191044444444444,-7.811577777777777,-3.3067333333333333,0.55848136,6.24578136
ALA 290,6.542311111111111,-2.588133333333333,-0.03367777777777772,-5.929111111111112,0.19437927999999996,-1.8142318311111107
GLU 291,17.15327777777778,-2.0338888888888893,16.248688888888896,-86.28524444444444,0.6836018399999999,-54.23356482666667
ASN 299,20.047344444444445,-8.54681111111111,-90.5299444444445,-1.264588888888889,0.0,-80.29399999999997
TYR 301,15.313222222222223,-8.837111111111113,-24.817899999999995,-5.167233333333333,0.1857509599999999,-23.323271262222224
HIE 306,35.09797777777779,-9.54316666666667,-18.593644444444447,2.877555555555555,0.015339519999999997,9.854061742222221
PRO 307,20.635611111111107,-5.148566666666669,-9.444844444444445,-0.31629999999999997,0.21602808,5.941928080000002
SER 308,11.460855555555549,-4.176211111111113,-12.698099999999997,-6.523322222222223,0.08278583999999997,-11.853991937777776
ASP 309,13.048855555555555,-1.5156111111111101,20.3307,-90.49105555555555,0.4987087199999998,-58.12840239111112
ASP 328,13.493688888888892,-1.5406999999999997,40.84541111111112,-111.93606666666668,0.44375087999999996,-58.69391578666667
LEU 329,16.12201111111111,-3.4245888888888887,-32.05307777777778,-1.5588666666666666,0.13694232,-20.77757990222222
PHE 331,16.328855555555553,-8.271700000000001,-6.207477777777778,-2.834011111111111,0.05214888,-0.932184453333333
LYS 333,18.357322222222223,-1.921166666666668,-31.591011111111094,2.531600000000001,1.0057188799999999,-11.617536675555549
TRP 335,20.926888888888882,-11.081133333333336,-8.022088888888888,-0.4242444444444443,0.05824679999999998,1.4576690222222226
PHE 337,14.609633333333335,-9.490666666666671,-9.534311111111112,0.2851888888888889,0.002764879999999999,-4.127390675555555
LEU 340,16.07984444444444,-6.08551111111111,-31.682555555555545,-1.0818555555555553,0.08345711999999998,-22.686620657777777
TYR 342,16.91078888888889,-6.567944444444447,-26.06701111111111,-7.86747777777778,0.37558632000000003,-23.216058124444448
VAL 360,14.869622222222223,-1.8512,-28.020544444444447,-3.8697888888888885,0.71369824,-18.15821287111111
ASP 373,14.067288888888893,-2.7915333333333336,48.048133333333325,-118.96158888888884,0.3773192000000002,-59.26038080000001
MET 374,20.233411111111106,-3.9764555555555554,18.614944444444443,-94.48046666666664,0.5951676799999999,-59.01339898666667
